licl_bare = [291,292,293,307];
licl_100mM = [322,306,290,289,288,280];