KCl_B_100mM_bare = [830];

KCl_B_1M = [834, 835];
KCl_B_100mM = [829,831];
KCl_B_10mM = [832, 833];