K3PO4_100mM = [819,820,822];
K3PO4_100mM_bare = 821;

K3PO4_10mM = [823,825];
K3PO4_10mM_bare = [824];

K3PO4_1M = [826, 828];
K3PO4_1M_bare = [827];