
BG_KCL_0_01M = [514, 516];%, 517];

BG_KCL_0_1M = [460]; %504, 459,503, 502

BG_KCL_1M = [457];%,498:501]; %495, 496, 497 are bad 458

BG_KCL_2M = [523, 540, 543, 544];% 539,

BG_KCL_all = [BG_KCL_0_01M,BG_KCL_0_1M,BG_KCL_1M,BG_KCL_2M];