

hfcl4_1M = [779,781]; % -39
hfcl4_100mM = [800,801,802]; %
hfcl4_10mM = [770:773];  %-45
hfcl4_1mM = [774:776]; %-39

hfcl4_all = [hfcl4_100mM,hfcl4_10mM,hfcl4_1mM,hfcl4_1M];

hfcl4_1M_bare = [780];
hfcl4_100mM_bare = [769];
hfcl4_1mM_bare = [777,778]; %778 is accidental bare