
zrcl4_1M = [792];
zrcl4_100mM = [782,785,786]; %-43
zrcl4_10mM = [787,788,790]; %-24

zrcl4_all=[zrcl4_1M,zrcl4_100mM,zrcl4_10mM];

zrcl4_1M_bare = [791,793]; %-4
zrcl4_100mM_bare = [784]; %-16
zrcl4_10mM_bare = [789]; %-21

ZrCl4_Bertie = [782:793];