
%% LaCl3 Background with KCl

lacl3_bg_0_01 = [514, 516:517];
lacl3_bg_0_1 = [459:460, 502:504];
lacl3_bg_1= [457:458,495:501];
lacl3_bg_2 = 523;

lacl3_bg_all = [lacl3_bg_0_01,lacl3_bg_0_1,lacl3_bg_1,lacl3_bg_2];

%% LaCl3

lacl3_4M = [617, 618,613]; %d: 612, 616    %% none of this is good
lacl3_3M = [627, 628, 638];
lacl3_2M = [629, 630, 631 , 632, 635]; %d: 489, 490, 633, 636, 637
lacl3_1M = [454, 455,456];
lacl3_100mM = [451,452,816, 817, 842, 844, 845];    %% none of this is good
lacl3_10mM = [836,838,840];% 453, 837,     -11

lacl3_all = [lacl3_4M,lacl3_3M,lacl3_2M,lacl3_1M,lacl3_100mM,lacl3_10mM];

%% LaCl3 Acidified

alacl3_1M = [794];
alacl3_100mM = [803,804];

%% LaCl3 Bare Controls

lacl3_1M_bare = [475,476,477];
lacl3_100mM_bare = [843,478,479,480];
lacl3_10mM_bare = [839,841,486,487,488];

alacl3_1M_bare = [795];
alacl3_100mM_bare = [799,798];





