
MgCl2_10mM = [175, 176];
MgCl2_100mM = [171,172,796]; %KCl in res? ,173,174 dumped 797 dumped
MgCl2_1M = [179]; %177, 178, dumped

MgCl2_all = [MgCl2_10mM,MgCl2_1M,MgCl2_100mM];