 
CeCl3_3M = [678:679];
 CeCl3_2M = [641:642];
 CeCl3_1M = [];
 CeCl3_01M = [567:570];
 CeCl3_001M = [680,698];
 CeCl3_0001M = [699];
 
 CeCl3_all = [CeCl3_3M,CeCl3_2M,CeCl3_1M,CeCl3_01M,CeCl3_001M];
 
 %GoodIVs
 CeCl3_001M_680 = [8569,8570,8571,8572,8573,8574];
 
 CeCl3_3M_679 = [8547,8548,8549,8550,8551,8553];
 CeCl3_2M_642 = [8091,8093,8095,8097,8099];