
BG_KCL_0_01M = [514, 516, 517];

BG_KCL_0_1M = [459, 460, 502:503]; %504 is bad

BG_KCL_1M = [457,458, 498:501]; %495, 496, 497 are bad

BG_KCL_2M = [523, 539, 540, 543, 544];

BG_KCL_all = [BG_KCL_0_01M,BG_KCL_0_1M,BG_KCL_1M,BG_KCL_2M];