 lacl3_bare = [475, 478, 479, 480, 486, 487, 488,  476, 477];
 lacl3_BG_0_01 = [514, 516:517];
 lacl3_BG_0_1 = [459:460, 502:504];
 lacl3_BG_1= [457:458,495:501];
 lacl3_BG_2 = 523;

 lacl3_4M = [612, 613, 616, 617, 618];
 lacl3_4M_good = [613, 617, 618];
 lacl3_3M = [627, 628, 638];
 lacl3_2M = [489, 490, 629, 630, 631 , 632, 633, 635, 636, 637];
 lacl3_1M = [454, 455, 456];
 lacl3_0_1M = [451, 452];
 lacl3_0_01M = 453;
 
 lacl3_all = [lacl3_4M,lacl3_3M,lacl3_2M,lacl3_1M,lacl3_0_1M,lacl3_0_01M];