G33_ALD = [138:142];

G19_Selec = [167:172,175:181,206:207];
Nafion_Selec = [208:215,228:231];
hBN_Selec = [216:224,232:235];

ph_004_kcl_bare = [191,192];
ph_040_kcl_bare = [193,194];

ph_000_kcl_g32 = [236,237];
ph_020_kcl_g32 = [202];
ph_060_kcl_g32 = [206,207];
ph_080_kcl_g32 = [238,239];

ph_000_kcl_naf = [230,231];
ph_004_kcl_naf = [210,211];
ph_020_kcl_naf = [214,215];
ph_040_kcl_naf = [208,209];
ph_060_kcl_naf = [212,213];
ph_080_kcl_naf = [228,229];
ph_120_kcl_naf = [253,254,255];

ph_kcl_naf = [ph_000_kcl_naf,ph_004_kcl_naf,ph_020_kcl_naf,ph_040_kcl_naf,ph_060_kcl_naf,ph_080_kcl_naf,ph_120_kcl_naf];

ph_000_kcl_hbn = [234,235];
ph_004_kcl_hbn = [218:220];
ph_020_kcl_hbn = [221,222];
ph_040_kcl_hbn = [216,217];
ph_060_kcl_hbn = [223,224];
ph_080_kcl_hbn = [232,233];
ph_120_kcl_hbn = [256,257];

ph_kcl_hbn = [ph_000_kcl_hbn,ph_004_kcl_hbn,ph_020_kcl_hbn,ph_040_kcl_hbn,ph_060_kcl_hbn,ph_080_kcl_hbn,ph_120_kcl_hbn];
    
        
nacl = [146,148,149,150,152,153,154,158,159];

% 		 240, 2015-08-14, C, 1, 5 sec damaged graphene pH6 KCL selectivity G27b, 3, 
% 		 241, 2015-08-14, C, 2, damaged graphene pH6 Kcl Selectivity g27b, 3, 
% 		 242, 2015-08-14, C, 3, Bare pH6 test - is this correct, 3, 
% 		 243, 2015-08-17, C, 1, ph 0.4 Damaged graphene G27b, KCl selectivity, 3, 
% 		 244, 2015-08-17, C, 2, Damaged graphene pH 0.4 KCl selectity G27b, 3,  
% 		 245, 2015-08-17, C, 3, pH 0.4, Damaged graphene KCl selectivity, G27b, 3, 
% 		 246, 2015-08-17, C, 4, Damaged Graphene pH 0.4 KCl selectivity, G27b, 3, 
% 		 247, 2015-08-18, C, 1, G27c damaged grpahen pH 6 KCl selectivity, 3,  
% 		 248, 2015-08-18, C, 2, G27c, pH6 KCl Selectivity, 3, 
% 		 249, 2015-08-18, C, 3, G27c, pH6 KCl selectivity,, 3, 
%         
% 		 250, 2015-08-20, C, 1, pH6 KCl Selectivity 2nm ALD coated graphene, 3, 
% 		 251, 2015-08-20, C, 2, pH6 KCl Selectivity 2nm ALD coated graphene, 3, 
% 		 252, 2015-08-20, C, 3, pH6 KCl Selectivity 2nm ALD coated graphene, 3, 